workload=com.yahoo.ycsb.workloads.CoreWorkload
recordcount=1000
operationcount=122
readallfields=true
readproportion=0.2786885245901639
updateproportion=0.13934426229508196
scanproportion=0.1557377049180328
insertproportion=0.4262295081967213
requestdistribution=zipfian
